release-schema-version:mifos-v1.6.0-schema
1277565388
1277565389
1277567194
1277567768
1277567885
1277567949
1277568944
1277569001
1277571296
1277571560
1277571837
1277586926
1277587117
1277587199
1277587465
1277587818
1277587878
1277587947
1277588038
1277588072
1277588240
1277588885
1277588973
1277589055
1277589236
1277589321
1277589383
1277588373
1277571792
1278540763
1278540832
1278542100
1278542119
1278542138
1278542152
1278542171
1279140399
1279272090
1277565300
1280719328
1280719447
1280719676
1280721170
1280793109